rates {
  to = [1100, 0.033333333];
  to_ip = [30, 0.025];
  to_ip_from = [20, 0.01666666667];
  bounce_to = [10, 0.000555556];
  bounce_to_ip = [5, 0.000277778];
  user = [20, 0.01666666667];
}
